Matriz 1
7 6 1 5 6 2 4 1 7 9 3 1 7 3 3 2 5 7 0 7 7 7 7 6 9 0 7 8 3 6 0 9 2 5 1 1 4 3 9 0 
7 5 8 2 6 0 3 5 7 8 6 1 2 6 6 1 2 3 2 2 9 8 3 0 7 3 2 8 2 7 6 8 8 9 9 1 5 5 6 2 
6 1 5 7 7 9 6 3 9 8 5 1 3 4 3 5 7 3 7 3 9 9 4 3 7 5 4 9 4 9 3 0 1 6 7 7 5 4 2 4 
4 8 8 9 2 3 4 7 0 8 6 4 5 3 1 2 9 5 9 5 3 0 5 9 4 4 7 3 2 5 6 8 9 9 9 3 6 6 2 0 
7 0 6 9 2 3 4 7 6 5 5 2 3 7 6 5 5 0 1 3 7 5 9 9 3 4 5 3 8 8 0 2 3 0 3 9 1 6 3 7 
1 7 1 9 3 7 6 3 3 6 3 9 4 7 3 5 8 5 7 2 4 8 1 2 0 3 5 0 2 0 3 2 3 3 3 5 8 0 0 6 
2 6 6 1 3 8 2 2 9 9 6 0 3 7 5 6 0 8 0 9 5 3 9 6 6 0 6 0 6 5 5 3 5 4 5 2 2 4 6 3 
0 8 8 9 7 0 0 2 9 3 3 0 5 0 7 7 9 8 3 8 6 0 5 1 1 0 4 2 7 5 0 4 8 0 2 8 8 4 1 0 
4 8 4 3 7 8 3 0 6 6 9 8 5 3 0 2 7 8 5 6 2 3 8 8 4 5 1 4 6 7 4 6 1 6 8 1 9 5 0 4 
9 1 4 2 7 1 1 6 2 3 9 2 0 7 2 8 2 8 7 8 4 0 9 2 1 3 1 0 4 6 1 3 6 1 8 9 1 0 8 3 
9 3 5 3 4 1 6 9 1 7 3 4 8 7 0 9 1 1 7 0 8 9 0 8 4 3 5 5 5 3 7 6 4 6 5 9 2 9 1 8 
6 6 2 9 8 6 5 5 1 7 2 2 7 1 1 8 2 5 2 5 8 6 3 9 8 4 5 9 0 5 1 2 3 9 5 9 5 0 1 8 
9 2 1 1 5 4 3 1 8 6 6 0 3 5 5 6 9 0 5 3 1 6 8 5 1 4 1 2 9 2 2 0 2 4 6 7 7 6 4 7 
7 4 0 4 5 6 9 3 1 9 6 0 4 4 0 6 5 7 9 9 1 6 5 6 6 9 5 0 5 2 8 6 0 5 8 6 3 6 3 0 
9 5 2 8 4 7 0 0 9 2 2 1 4 9 0 8 2 9 3 3 0 4 6 3 4 4 8 9 4 2 9 8 9 9 7 6 5 1 0 8 
7 8 8 0 7 1 0 1 9 5 4 7 5 2 7 3 5 2 0 0 1 5 2 2 8 9 3 6 9 7 1 5 7 3 3 6 6 8 9 4 
1 3 4 7 0 6 8 1 2 4 2 4 1 1 6 1 2 3 6 4 7 9 3 5 9 4 2 1 2 8 1 7 9 5 5 6 3 3 0 5 
2 0 9 3 6 3 5 4 4 4 1 7 7 5 0 6 1 0 2 5 6 0 0 0 6 8 8 7 7 5 5 5 2 6 2 5 1 4 1 2 
3 0 8 0 3 7 1 5 1 0 7 4 0 4 5 4 9 3 3 4 2 7 8 2 9 5 0 7 8 6 8 4 6 6 6 0 9 7 4 9 
5 2 6 0 1 0 1 1 8 1 3 5 2 9 3 2 8 6 4 1 7 9 9 9 1 4 5 8 2 7 0 6 4 5 3 7 1 2 2 0 
6 1 5 4 0 7 2 3 0 8 6 8 7 0 9 4 8 1 6 3 8 9 7 1 3 6 8 9 1 6 3 8 9 9 7 5 4 6 0 3 
0 7 8 7 8 2 9 9 3 7 2 6 1 2 4 9 7 6 5 6 2 2 2 1 2 6 7 5 9 4 4 2 3 0 6 9 7 2 4 8 
8 3 3 7 7 9 8 7 4 5 6 4 5 8 4 0 6 1 5 3 0 7 8 2 2 8 1 6 1 0 4 1 7 2 1 4 3 3 8 0 
5 2 3 9 7 4 3 5 0 2 7 4 2 8 8 2 8 6 7 3 7 9 5 3 5 9 6 9 6 0 7 1 1 4 4 3 6 6 8 2 
0 1 1 7 0 5 2 7 7 3 0 6 3 3 9 0 0 7 5 1 6 7 6 3 8 8 7 9 3 5 1 3 0 6 9 5 8 5 0 1 
9 1 8 7 5 6 1 0 4 9 0 3 0 7 9 3 4 7 6 5 1 2 5 6 3 7 3 3 2 7 3 4 6 1 9 8 2 7 7 0 
4 5 3 4 3 0 6 7 1 9 8 5 0 1 1 1 4 4 9 6 4 4 5 2 1 9 2 4 3 4 3 0 6 6 7 1 1 1 8 4 
0 4 5 0 8 5 4 1 3 9 2 4 7 3 3 8 5 9 3 1 6 4 4 2 7 2 3 6 5 9 0 8 4 0 0 2 2 1 6 8 
9 6 0 7 5 8 0 5 7 7 3 7 9 2 6 2 2 1 4 1 1 9 7 9 4 3 7 3 3 8 9 8 3 7 2 9 1 6 6 6 
5 1 3 2 6 7 3 1 7 5 9 4 6 0 9 6 9 8 5 1 3 9 6 2 2 4 4 6 2 5 7 5 0 2 6 9 4 5 2 8 
8 3 5 7 0 1 6 7 2 4 4 1 6 4 7 0 9 4 4 7 6 5 7 0 3 2 3 8 4 4 7 2 9 5 0 1 1 2 2 2 
9 6 3 6 9 9 7 5 2 2 5 2 3 8 6 2 8 2 6 8 1 4 5 6 1 1 4 6 7 3 8 6 7 9 1 2 1 2 7 6 
9 9 5 4 1 3 7 7 9 1 9 6 2 2 1 1 0 6 8 1 2 0 5 8 9 9 5 4 8 0 6 1 3 5 0 3 4 4 5 5 
3 8 6 9 8 5 4 5 6 1 0 3 3 5 3 9 1 0 9 1 2 6 5 5 4 2 8 3 9 3 3 2 0 2 3 1 4 3 1 5 
9 5 7 0 9 2 1 9 6 5 0 6 8 6 1 8 0 0 4 9 1 8 7 5 1 6 2 8 5 2 7 9 8 9 7 0 3 0 0 7 
2 5 1 7 9 5 5 5 0 1 9 7 6 7 7 9 2 8 1 2 8 0 6 1 5 6 8 9 3 2 4 3 2 2 8 8 4 4 6 1 
0 8 2 6 6 9 1 9 4 1 0 1 9 9 3 9 9 7 7 9 1 6 2 0 0 3 2 8 4 1 0 4 2 3 6 5 2 4 0 4 
1 5 9 8 5 5 3 6 3 7 3 9 9 3 3 3 9 9 6 4 9 8 0 2 5 7 5 9 3 5 3 2 1 5 0 1 0 6 7 8 
1 6 3 2 7 4 8 7 1 1 2 6 5 8 5 8 4 5 9 4 7 8 9 8 9 6 5 0 1 4 7 4 6 8 1 5 5 5 1 8 
7 8 1 4 9 0 2 9 8 7 4 9 8 9 2 6 4 4 6 0 9 5 0 4 4 2 8 1 0 9 9 3 3 6 8 9 1 2 1 4 

Matriz 2
6 5 8 8 4 9 8 1 1 4 9 1 8 0 7 0 0 7 3 8 9 3 8 6 7 5 3 6 1 6 0 8 6 2 2 0 8 3 9 8 
2 6 3 1 1 7 9 6 2 1 1 2 5 1 8 5 7 0 8 9 2 2 5 2 1 5 5 6 6 0 9 8 1 0 3 0 1 0 5 3 
8 1 9 9 7 3 7 6 2 0 2 2 6 0 9 0 6 4 2 4 4 7 3 5 2 5 6 9 4 8 5 2 3 1 1 7 7 9 0 1 
0 0 8 5 9 5 5 7 5 7 8 1 1 9 7 5 1 0 4 3 0 9 9 7 9 0 9 4 6 3 8 7 5 0 4 5 3 3 5 8 
5 4 3 8 6 0 1 5 9 7 8 2 9 7 8 3 5 3 1 5 6 2 4 5 5 9 7 1 0 6 6 7 2 4 5 2 6 0 6 6 
2 8 2 1 0 5 9 9 5 6 7 4 7 7 4 4 5 9 4 2 0 0 3 5 8 3 4 1 7 5 8 2 7 2 8 8 5 1 2 0 
2 0 6 0 4 8 0 7 8 2 6 6 3 3 6 8 2 8 1 5 7 9 8 8 8 4 3 0 9 3 1 5 3 7 5 2 8 3 2 4 
5 9 8 6 6 5 5 5 8 6 7 7 4 1 3 9 5 9 7 3 8 6 2 4 6 4 1 1 4 4 2 9 2 3 8 8 8 4 7 2 
1 0 2 1 8 9 2 1 0 8 5 9 2 8 4 6 1 3 1 2 4 5 3 5 4 5 4 9 0 8 0 3 4 6 2 0 6 7 5 4 
0 3 7 0 1 3 7 4 4 0 4 8 7 2 2 3 9 6 2 4 9 7 6 3 5 2 7 3 7 8 4 3 4 3 0 2 9 0 4 1 
8 0 5 1 1 6 7 2 3 9 8 4 6 6 2 9 2 8 6 3 3 6 1 3 7 9 9 5 2 7 2 8 7 3 8 3 8 2 9 7 
3 4 4 9 3 5 2 2 4 6 6 6 1 0 9 9 6 4 5 1 1 5 4 6 7 2 6 4 0 3 5 3 0 6 4 5 7 0 0 9 
4 6 3 1 8 6 8 8 0 5 5 3 3 6 5 4 0 0 3 0 9 6 9 8 3 7 6 6 7 4 0 1 3 7 7 8 5 7 3 5 
3 8 6 1 8 9 8 1 7 0 8 5 6 8 2 7 0 7 3 4 7 2 9 9 7 4 9 1 6 7 8 6 3 9 4 2 2 1 2 1 
1 7 7 7 0 4 3 1 8 7 0 8 8 7 1 2 6 4 9 9 0 2 6 5 8 9 6 5 8 6 3 3 7 4 2 9 2 1 7 7 
2 5 7 4 5 6 9 9 0 8 3 9 0 6 2 4 3 5 4 7 1 1 8 1 0 4 8 1 8 8 2 8 9 7 5 7 1 1 1 9 
6 4 9 5 6 3 1 5 4 7 0 0 3 2 6 7 7 8 1 6 2 8 2 5 0 1 9 6 3 0 2 5 2 7 1 3 5 8 0 9 
0 5 1 3 1 9 2 6 0 2 0 7 0 7 1 5 8 0 3 8 8 4 4 6 6 0 5 6 2 0 4 6 7 4 1 8 5 3 5 8 
0 2 9 7 7 9 4 6 4 3 5 9 8 4 6 9 4 7 5 8 4 6 3 0 4 6 9 2 2 3 0 7 9 1 3 9 9 7 9 3 
5 5 9 4 8 2 6 9 8 4 3 2 2 7 1 9 4 4 8 7 3 0 3 7 2 6 9 0 9 7 9 0 5 0 6 2 9 2 4 5 
4 4 9 7 1 1 5 8 8 6 8 7 3 9 2 5 7 3 5 6 2 1 3 0 0 0 6 7 1 0 2 3 9 7 2 5 7 3 0 5 
9 0 7 9 5 4 2 0 8 0 4 8 4 3 5 6 8 5 5 6 0 1 1 6 0 4 4 0 7 5 5 3 0 1 7 0 1 2 5 6 
6 5 0 4 1 3 3 2 7 2 4 6 6 1 8 4 5 9 8 2 5 8 4 4 7 0 3 8 6 7 2 3 2 2 8 3 1 3 8 2 
0 9 9 7 1 2 6 0 9 1 8 2 0 0 8 5 6 4 6 5 9 3 4 8 8 5 6 8 7 6 2 8 8 8 7 3 2 4 2 6 
3 6 2 9 7 9 7 3 1 3 9 9 5 4 7 9 3 2 6 7 9 8 6 5 8 0 6 1 2 2 5 2 3 7 9 5 4 6 0 0 
1 6 0 3 4 6 1 1 8 6 6 8 9 0 0 0 4 2 6 3 3 4 4 1 7 3 1 5 2 3 0 7 3 5 8 2 2 9 5 2 
0 9 0 7 3 8 6 2 0 3 8 2 4 9 4 5 8 7 0 4 6 0 1 6 2 1 7 4 7 5 7 7 7 7 2 1 5 8 6 1 
6 4 8 8 4 1 6 0 9 2 0 5 7 7 9 5 2 2 0 3 6 2 7 9 3 1 8 2 1 1 9 8 8 9 3 8 8 6 5 5 
0 4 4 5 8 7 7 6 8 7 9 5 8 7 0 7 0 4 0 1 0 3 6 6 6 8 2 8 7 9 0 3 9 7 9 3 0 8 7 1 
1 2 6 6 0 5 5 6 0 9 4 2 0 3 8 4 7 3 0 1 1 6 2 5 7 4 0 0 9 1 1 7 5 6 3 9 0 3 9 7 
5 4 9 8 2 8 7 6 9 0 6 9 8 1 2 8 3 7 1 5 8 2 4 2 7 7 4 1 2 2 4 6 6 4 2 8 8 0 2 7 
7 4 5 7 0 6 3 6 0 2 3 8 4 5 1 8 9 1 0 5 0 8 9 7 9 6 3 8 5 6 8 8 0 5 9 4 6 9 8 1 
0 4 6 5 9 9 9 6 8 2 4 3 0 0 0 0 0 6 0 9 4 9 9 6 9 9 7 8 6 9 1 9 0 2 8 4 6 9 2 7 
6 1 2 4 1 6 6 9 2 9 7 4 9 0 3 7 7 7 1 9 8 6 1 3 9 6 8 3 8 3 3 5 2 2 6 5 7 1 0 7 
9 7 8 7 6 2 4 3 2 1 9 4 1 1 1 1 6 0 3 5 3 2 7 5 3 1 4 0 4 6 2 9 2 5 0 8 0 2 7 3 
5 4 5 6 1 6 6 6 7 7 3 3 9 6 7 1 6 4 5 2 7 5 6 6 4 4 3 4 7 2 3 8 1 5 5 6 8 2 5 1 
7 0 7 5 8 0 3 5 3 5 9 5 7 6 0 5 9 2 3 3 9 4 7 8 3 1 7 3 7 9 3 9 1 9 3 9 3 6 6 2 
0 3 5 3 0 5 9 5 0 9 4 7 5 9 9 4 1 8 7 1 9 4 5 5 9 0 6 4 2 8 0 5 3 8 9 2 0 3 0 4 
5 6 5 6 7 0 8 1 3 4 3 5 4 2 6 6 4 7 7 6 0 7 6 2 0 3 4 0 8 6 2 1 1 7 4 8 5 6 5 2 
7 2 0 2 8 8 7 0 9 9 2 1 6 1 7 9 6 8 8 7 3 3 4 0 3 0 1 6 0 2 7 6 9 2 6 9 5 1 6 7 

Resultado 2
646 752 926 900 718 867 945 755 714 734 896 883 783 825 854 954 869 755 636 870 844 823 904 954 866 634 1005 720 903 834 713 893 721 874 832 746 872 725 801 768 
801 716 1079 1016 785 951 1018 785 825 774 984 1002 931 737 805 926 891 844 636 962 878 869 939 906 966 762 1019 728 846 923 678 1052 707 861 829 890 940 737 838 816 
756 756 1127 1022 860 1019 1039 895 942 966 1094 1020 1004 920 971 1015 937 958 703 914 912 868 937 975 981 704 1107 713 929 908 710 1092 927 949 891 977 996 751 884 887 
705 851 1173 1017 824 1050 1103 983 835 811 1064 922 891 720 902 1030 978 927 705 986 988 1011 990 994 1095 767 1177 834 996 937 724 1205 784 864 918 974 1009 844 850 882 
618 765 1001 899 768 929 987 710 907 886 966 829 821 789 889 875 762 911 734 748 776 819 892 907 942 646 905 789 895 906 587 982 831 859 894 814 787 701 828 781 
540 602 844 709 711 857 769 728 751 692 812 759 713 677 676 873 788 734 597 751 639 670 770 762 737 547 918 580 760 679 646 881 633 676 673 740 765 518 637 738 
583 793 875 778 696 938 1039 799 748 727 903 908 776 788 714 904 815 851 697 848 798 721 834 846 894 697 957 723 927 949 672 854 794 781 829 794 802 613 751 700 
514 605 904 784 757 793 835 852 663 803 709 726 672 832 688 745 757 611 575 765 646 751 821 818 719 658 957 785 810 808 579 888 672 713 683 771 738 710 720 751 
733 756 977 900 751 969 977 866 808 873 1030 916 899 763 893 1039 948 844 710 853 885 849 896 966 1026 724 1060 803 864 915 713 1067 802 879 918 897 883 699 870 873 
627 701 881 800 699 828 868 701 727 726 825 750 726 629 660 764 686 790 655 793 683 711 793 715 779 665 841 598 748 816 502 931 690 661 728 788 801 562 840 715 
732 813 1127 1016 812 1084 1130 860 917 843 1073 1000 948 765 924 1008 851 962 711 908 1010 820 999 922 976 751 1015 734 888 909 645 1150 856 936 962 921 974 702 795 861 
709 798 1000 959 782 934 1037 885 911 868 1011 854 875 784 932 941 931 799 723 937 941 792 947 930 922 643 1042 680 928 777 776 1095 846 845 896 938 950 629 785 879 
647 643 883 757 744 848 879 643 793 827 875 794 885 676 736 811 703 879 652 759 756 701 811 784 795 659 877 684 787 896 469 908 727 785 787 720 726 612 792 736 
651 804 1013 873 736 1030 973 891 837 759 1039 991 934 761 767 996 861 908 714 908 935 811 919 893 993 724 1017 620 943 889 637 1043 802 825 919 808 923 675 850 770 
711 807 926 936 865 1159 1094 839 823 809 1005 924 918 828 802 949 819 849 593 959 918 787 1030 984 1031 722 1058 800 868 915 807 1170 846 851 891 911 916 741 867 880 
662 740 895 966 807 953 1004 692 751 1746 893 914 936 714 891 838 814 782 676 829 788 850 934 898 918 757 921 819 813 935 593 980 666 919 892 827 799 818 812 775 
541 591 871 836 633 878 807 746 766 690 822 819 684 627 717 821 796 706 614 807 633 780 787 783 899 585 825 618 826 698 588 859 635 665 811 783 743 625 662 694 
531 644 788 807 692 825 840 752 683 724 848 781 769 689 702 788 647 680 461 623 721 661 764 764 784 601 825 582 699 719 578 793 663 786 748 734 807 664 566 609 
809 721 985 994 815 918 987 758 900 859 931 930 935 672 807 1002 842 955 706 863 782 815 838 866 958 676 957 697 809 902 651 985 769 860 954 987 809 746 772 816 
612 664 866 865 595 819 764 571 721 641 748 781 694 637 782 773 775 732 543 729 702 702 721 840 767 574 860 738 727 713 541 884 637 800 704 675 723 686 688 722 
783 805 1102 1070 724 1002 1051 885 886 906 974 1002 964 783 877 954 995 966 715 941 836 901 948 962 1031 738 1116 807 960 916 705 1091 811 879 938 996 996 803 854 927 
668 779 1047 951 909 978 965 901 953 888 929 921 907 805 863 1000 934 875 710 886 813 847 953 910 869 703 1009 705 932 886 737 1108 822 880 835 976 945 737 858 823 
635 716 920 799 779 881 880 682 910 710 900 835 895 659 812 844 661 915 671 769 780 822 874 877 930 699 934 608 807 841 607 911 614 729 857 742 888 653 763 723 
737 828 1089 1057 853 954 982 766 1020 865 1039 1004 1032 887 868 1035 866 943 787 931 851 809 930 945 970 701 1127 692 859 872 730 1066 862 932 908 942 919 752 861 878 
564 718 830 897 654 846 773 657 750 755 899 951 793 779 718 845 838 668 658 716 768 701 787 859 902 489 862 614 768 722 606 917 698 827 769 881 718 665 762 659 
569 803 1025 944 720 909 965 738 787 736 882 875 855 731 823 732 820 811 681 860 799 804 948 906 983 670 970 698 878 919 624 983 739 797 743 872 820 687 817 758 
576 606 867 751 679 786 788 651 787 662 798 779 746 483 670 828 729 788 634 793 671 759 698 645 769 601 836 550 714 701 499 875 636 608 700 731 836 585 748 708 
551 672 783 783 666 833 860 737 683 725 714 837 708 711 766 854 822 701 555 765 667 748 823 763 751 589 842 654 764 719 630 825 723 806 761 846 769 648 696 709 
706 875 1008 1040 729 1096 1126 819 890 930 1053 985 993 782 1021 1030 940 972 781 890 919 883 968 983 1110 812 998 806 980 927 733 1092 809 876 1009 938 954 698 940 905 
761 719 966 936 688 974 917 763 835 1815 859 966 938 824 863 945 923 898 714 854 800 782 857 877 902 709 981 743 809 835 642 1025 844 859 832 961 909 661 888 911 
601 641 967 822 727 880 864 737 831 675 760 765 765 638 714 847 656 819 579 819 744 790 802 820 842 655 912 670 779 708 570 847 692 668 735 762 872 671 700 795 
726 836 1075 959 848 1040 1079 879 1022 859 998 853 1000 769 897 1071 813 1041 698 1002 838 843 957 977 1055 883 1087 730 968 922 785 1062 844 810 960 891 1008 701 869 909 
561 728 843 849 762 1078 963 689 795 793 1000 917 903 643 850 987 699 861 727 836 895 830 828 807 991 694 895 792 714 807 557 998 806 794 900 777 905 745 802 733 
507 664 834 826 773 874 863 712 735 718 893 790 772 727 802 856 690 734 597 732 650 636 783 758 765 620 869 615 767 790 625 896 754 706 764 735 666 610 731 662 
814 818 1029 1002 904 991 1032 820 944 754 990 944 927 625 816 963 833 874 658 931 892 770 962 935 949 855 989 754 865 992 733 1071 736 782 951 864 959 721 854 858 
680 876 944 941 734 930 994 831 867 884 994 945 885 923 825 938 827 809 741 839 827 759 981 924 940 672 1061 660 857 825 734 1085 821 958 873 965 877 640 823 835 
606 765 902 740 802 866 895 840 769 761 742 788 750 814 718 889 728 726 644 781 680 630 837 848 727 629 966 571 813 733 719 920 705 723 794 836 761 610 711 731 
685 780 1034 989 854 984 1020 869 886 906 893 960 888 832 988 1071 936 878 753 903 822 872 878 899 886 646 1093 758 828 762 772 956 862 886 873 990 1001 773 736 925 
712 874 1027 1025 834 1128 1044 922 1020 885 1061 1072 959 777 940 1134 968 1020 851 1031 977 886 951 926 1063 771 1092 750 970 887 730 1119 835 921 1054 981 944 710 791 911 
693 850 1060 1004 790 1100 1038 858 824 884 1082 968 877 788 910 1017 920 870 677 911 961 807 924 895 943 770 1039 704 835 805 680 1156 787 915 796 911 987 615 845 925 

